rand-def
0.0006809234619140625 0.0005528926849365234 0.0005459785461425781 0.0005540847778320312 0.0005679130554199219 0.0005822181701660156 0.0005540847778320312 0.0005581378936767578 0.0005550384521484375 0.0005507469177246094 0.0005419254302978516 0.0005538463592529297 0.0005500316619873047 0.0005521774291992188 0.0006427764892578125 0.0005686283111572266 0.0005609989166259766 0.0006468296051025391 0.0005540847778320312 0.0005528926849365234 0.0005588531494140625 0.0005462169647216797 0.000518798828125 0.0005431175231933594 0.0005340576171875

oner-def
0.0020608901977539062 0.0019829273223876953 0.0020711421966552734 0.0020318031311035156 0.0020160675048828125 0.0020360946655273438 0.002006053924560547 0.002123594284057617 0.0020132064819335938 0.0020639896392822266 0.001997232437133789 0.002027750015258789 0.0020189285278320312 0.0020418167114257812 0.002076864242553711 0.0021257400512695312 0.0019919872283935547 0.002736806869506836 0.0019729137420654297 0.002007007598876953 0.002351999282836914 0.0019750595092773438 0.001967906951904297 0.002103090286254883 0.0019397735595703125

cart-def
0.007292985916137695 0.0074808597564697266 0.0077817440032958984 0.009446144104003906 0.008168935775756836 0.006722211837768555 0.007386207580566406 0.008105039596557617 0.008355140686035156 0.007615804672241211 0.006308078765869141 0.008699178695678711 0.006629228591918945 0.007730007171630859 0.011864185333251953 0.008555889129638672 0.006758928298950195 0.00917196273803711 0.007547140121459961 0.0077860355377197266 0.008223295211791992 0.008453845977783203 0.006390094757080078 0.007884025573730469 0.010014057159423828

cart-def-clust
0.04115891456604004 0.03701496124267578 0.04186391830444336 0.042365312576293945 0.03919482231140137 0.0394289493560791 0.03913378715515137 0.04185891151428223 0.04320096969604492 0.03739023208618164 0.04377102851867676 0.03710794448852539 0.03887009620666504 0.039748191833496094 0.055098772048950195 0.043299198150634766 0.03987908363342285 0.049524784088134766 0.041869163513183594 0.03941702842712402 0.04234480857849121 0.03509402275085449 0.03637194633483887 0.03810691833496094 0.037446022033691406

cart-cfs
0.002109050750732422 0.0019381046295166016 0.0022771358489990234 0.002321004867553711 0.001962900161743164 0.001970052719116211 0.0027840137481689453 0.0027048587799072266 0.0022530555725097656 0.0020308494567871094 0.002348661422729492 0.0019080638885498047 0.0024230480194091797 0.0018382072448730469 0.0029981136322021484 0.0022268295288085938 0.002699136734008789 0.002868175506591797 0.002213001251220703 0.0022559165954589844 0.0019791126251220703 0.0020449161529541016 0.0020041465759277344 0.0020117759704589844 0.002051115036010742

cart-cfs-clust
0.03199481964111328 0.028524160385131836 0.04325604438781738 0.030314922332763672 0.03216195106506348 0.030768871307373047 0.03532910346984863 0.03354287147521973 0.03541302680969238 0.03248310089111328 0.02948307991027832 0.033197879791259766 0.0377042293548584 0.03850698471069336 0.03806805610656738 0.03416109085083008 0.03208494186401367 0.034117937088012695 0.03144693374633789 0.03302931785583496 0.02968764305114746 0.026825904846191406 0.026564836502075195 0.030192852020263672 0.04197573661804199

cart-dtf
0.0013451576232910156 0.0013790130615234375 0.002148866653442383 0.0013427734375 0.0014729499816894531 0.0019588470458984375 0.0013172626495361328 0.002017974853515625 0.0013937950134277344 0.0016531944274902344 0.0013759136199951172 0.001531839370727539 0.0014781951904296875 0.0015223026275634766 0.0014989376068115234 0.0013768672943115234 0.0014901161193847656 0.0013427734375 0.0018427371978759766 0.0013849735260009766 0.0014553070068359375 0.0013308525085449219 0.0013079643249511719 0.0014719963073730469 0.0015490055084228516

cart-dtf-clust
0.030857086181640625 0.031162023544311523 0.08290886878967285 0.030054092407226562 0.0332338809967041 0.03897404670715332 0.0335538387298584 0.03455185890197754 0.03120589256286621 0.03295588493347168 0.035170793533325195 0.031182050704956055 0.03399991989135742 0.032034873962402344 0.03678011894226074 0.03425192832946777 0.03213691711425781 0.03036189079284668 0.0317080020904541 0.033187150955200195 0.031536102294921875 0.029774904251098633 0.030657052993774414 0.03065204620361328 0.030355215072631836

cart-svmf
0.001844167709350586 0.0015330314636230469 0.006616115570068359 0.0019745826721191406 0.0017778873443603516 0.001913309097290039 0.001683950424194336 0.0020210742950439453 0.0017349720001220703 0.0021200180053710938 0.001725912094116211 0.001615762710571289 0.0017478466033935547 0.0015680789947509766 0.0020651817321777344 0.0016398429870605469 0.0018849372863769531 0.0016279220581054688 0.0018973350524902344 0.0017218589782714844 0.0017888545989990234 0.0014920234680175781 0.0016949176788330078 0.0015530586242675781 0.0016138553619384766

cart-svmf-clust
0.040570974349975586 0.03725004196166992 0.15294909477233887 0.04411816596984863 0.03952383995056152 0.05598020553588867 0.04763603210449219 0.05540609359741211 0.04539990425109863 0.046597957611083984 0.039819955825805664 0.04011130332946777 0.04071807861328125 0.04146885871887207 0.05339479446411133 0.04155898094177246 0.049468040466308594 0.03862500190734863 0.04296422004699707 0.03818917274475098 0.0388188362121582 0.04613924026489258 0.04074597358703613 0.050866127014160156 0.03633427619934082

nb-def
0.002071857452392578 0.0016078948974609375 0.008723020553588867 0.0016179084777832031 0.0018329620361328125 0.0017347335815429688 0.0014710426330566406 0.0014688968658447266 0.001516103744506836 0.0018041133880615234 0.0015501976013183594 0.0015590190887451172 0.0016851425170898438 0.0018041133880615234 0.0016660690307617188 0.0017409324645996094 0.0015478134155273438 0.0015149116516113281 0.0015401840209960938 0.0015056133270263672 0.0014848709106445312 0.0015931129455566406 0.0015299320220947266 0.0014510154724121094 0.0016031265258789062

nb-def-clust
0.03894209861755371 0.036698102951049805 0.10235118865966797 0.042732954025268555 0.03856205940246582 0.03882408142089844 0.036956071853637695 0.038755178451538086 0.03624296188354492 0.03505897521972656 0.03742218017578125 0.039122819900512695 0.036414146423339844 0.04220724105834961 0.04101300239562988 0.041246891021728516 0.037336111068725586 0.03763103485107422 0.0373380184173584 0.03636813163757324 0.034688711166381836 0.035307884216308594 0.03943204879760742 0.03564906120300293 0.035803794860839844

nb-cfs
0.0016751289367675781 0.0014510154724121094 0.002271890640258789 0.001500844955444336 0.0015728473663330078 0.0014190673828125 0.0015559196472167969 0.002064943313598633 0.0014410018920898438 0.0013937950134277344 0.001486063003540039 0.0016629695892333984 0.001455068588256836 0.0015099048614501953 0.0019500255584716797 0.0016021728515625 0.0015761852264404297 0.0014510154724121094 0.0015559196472167969 0.0015292167663574219 0.001377105712890625 0.0014231204986572266 0.0014650821685791016 0.0013508796691894531 0.0014231204986572266

nb-cfs-clust
0.03437995910644531 0.030597925186157227 0.039868831634521484 0.032704830169677734 0.036389827728271484 0.030894756317138672 0.037409067153930664 0.035611867904663086 0.035897016525268555 0.031874895095825195 0.03360319137573242 0.035305023193359375 0.03201937675476074 0.0387880802154541 0.03269600868225098 0.031013011932373047 0.033641815185546875 0.03654789924621582 0.03026103973388672 0.03054499626159668 0.02896285057067871 0.028451919555664062 0.028753995895385742 0.029523372650146484 0.02899479866027832

nb-dtf
0.0015478134155273438 0.001580953598022461 0.0013780593872070312 0.0015926361083984375 0.001544952392578125 0.0014519691467285156 0.001977205276489258 0.0018460750579833984 0.0019168853759765625 0.0013470649719238281 0.0014908313751220703 0.0015110969543457031 0.0014910697937011719 0.0013561248779296875 0.001773834228515625 0.0014328956604003906 0.0014519691467285156 0.0014920234680175781 0.0013489723205566406 0.0014290809631347656 0.00150299072265625 0.00144195556640625 0.0013780593872070312 0.0013968944549560547 0.0013661384582519531

nb-dtf-clust
0.03544807434082031 0.032791852951049805 0.030365943908691406 0.031658172607421875 0.03624105453491211 0.03509783744812012 0.04080605506896973 0.04016375541687012 0.03552389144897461 0.03070688247680664 0.03423190116882324 0.03165912628173828 0.03393888473510742 0.03198599815368652 0.03397774696350098 0.034912109375 0.034387826919555664 0.038229942321777344 0.030405759811401367 0.031407833099365234 0.03331303596496582 0.03444504737854004 0.034590959548950195 0.03149700164794922 0.03113698959350586

nb-svmf
0.001544952392578125 0.0015320777893066406 0.0013301372528076172 0.001394033432006836 0.0016601085662841797 0.0015249252319335938 0.001569986343383789 0.0016052722930908203 0.0015032291412353516 0.0014772415161132812 0.0016918182373046875 0.001371145248413086 0.0014519691467285156 0.0014262199401855469 0.0014879703521728516 0.001463174819946289 0.0014579296112060547 0.0016679763793945312 0.0014638900756835938 0.0014960765838623047 0.001505136489868164 0.0014569759368896484 0.002904176712036133 0.0013608932495117188 0.0013751983642578125

nb-svmf-clust
0.04255199432373047 0.04126405715942383 0.039602041244506836 0.04398989677429199 0.039878129959106445 0.04756522178649902 0.04877781867980957 0.049817800521850586 0.050058841705322266 0.04546809196472168 0.043076276779174805 0.03885197639465332 0.04048776626586914 0.03956198692321777 0.05024099349975586 0.04349708557128906 0.04992794990539551 0.04241776466369629 0.046364784240722656 0.04257321357727051 0.04015684127807617 0.04923105239868164 0.04134774208068848 0.051278114318847656 0.03959918022155762

rf-def
0.24934172630310059 0.34427523612976074 0.24986886978149414 0.2406010627746582 0.24323487281799316 0.24467802047729492 0.24066495895385742 0.24327492713928223 0.24669981002807617 0.24802207946777344 0.24512410163879395 0.24275588989257812 0.24024105072021484 0.24424314498901367 0.3480508327484131 0.24103021621704102 0.2421560287475586 0.24571990966796875 0.24653410911560059 0.24719905853271484 0.24542713165283203 0.2420957088470459 0.24692893028259277 0.23739910125732422 0.24887490272521973

rf-def-clust
1.2995049953460693 1.2819929122924805 1.304203987121582 1.2713677883148193 1.2424440383911133 1.4107847213745117 1.249547004699707 1.2620768547058105 1.2472712993621826 1.2761321067810059 1.285506010055542 1.295823097229004 1.251220941543579 1.233391284942627 1.3055939674377441 1.2574129104614258 1.3871128559112549 1.248056173324585 1.2669107913970947 1.2479817867279053 1.0099880695343018 1.2485640048980713 1.2806389331817627 1.2814750671386719 1.2844789028167725

rf-cfs
0.25132012367248535 0.24813508987426758 0.3492121696472168 0.24135398864746094 0.23827004432678223 0.23864388465881348 0.24326515197753906 0.24454498291015625 0.24744200706481934 0.2517051696777344 0.24231719970703125 0.2529020309448242 0.2431652545928955 0.23717927932739258 0.24720001220703125 0.2412259578704834 0.2455742359161377 0.24262595176696777 0.24585390090942383 0.2448279857635498 0.24001002311706543 0.2422928810119629 0.25119495391845703 0.25809788703918457 0.24578094482421875

rf-cfs-clust
1.0467216968536377 0.7774269580841064 1.0254120826721191 0.9963152408599854 0.9938638210296631 1.002600908279419 0.9957361221313477 0.9980669021606445 1.1454830169677734 1.0599048137664795 1.0304460525512695 1.0330638885498047 1.002211093902588 1.001033067703247 1.0316979885101318 1.0042638778686523 1.0135369300842285 1.014294147491455 1.002817153930664 1.0013236999511719 0.7897779941558838 0.9895882606506348 1.0236101150512695 1.0322887897491455 1.0284209251403809

rf-dtf
0.2569599151611328 0.24972081184387207 0.24887895584106445 0.24436616897583008 0.24022221565246582 0.2433338165283203 0.24347805976867676 0.24273419380187988 0.25008082389831543 0.35892605781555176 0.24490904808044434 0.25176119804382324 0.24147582054138184 0.24264025688171387 0.25186800956726074 0.24863195419311523 0.24507498741149902 0.2445392608642578 0.23868012428283691 0.24151396751403809 0.24197077751159668 0.24076175689697266 0.2508888244628906 0.2467508316040039 0.24723601341247559

rf-dtf-clust
1.2763049602508545 1.274176836013794 1.2823681831359863 1.2350120544433594 1.2560272216796875 1.3761520385742188 1.247023105621338 1.2326161861419678 1.4459350109100342 1.2899398803710938 1.014167070388794 1.2681710720062256 1.2388250827789307 1.2362868785858154 1.270848035812378 1.2459492683410645 1.2432231903076172 1.275763988494873 0.9994378089904785 1.2372469902038574 1.2370319366455078 1.2415001392364502 1.2809913158416748 1.2894229888916016 1.279689073562622

rf-svmf
0.24467206001281738 0.35301899909973145 0.24887681007385254 0.24165105819702148 0.24390792846679688 0.26355695724487305 0.2436070442199707 0.24178791046142578 0.37390589714050293 0.24274492263793945 0.2410740852355957 0.23894500732421875 0.24283194541931152 0.24159622192382812 0.24667906761169434 0.24448800086975098 0.24910902976989746 0.25073671340942383 0.2485051155090332 0.2431929111480713 0.24294781684875488 0.24001216888427734 0.2510519027709961 0.24774599075317383 0.24527502059936523

rf-svmf-clust
1.4870610237121582 1.2693710327148438 1.5365097522735596 1.505695104598999 1.2865378856658936 1.5283868312835693 1.4860880374908447 1.7334790229797363 1.6129438877105713 1.4948699474334717 1.244832992553711 1.4822351932525635 1.482839822769165 1.4846231937408447 1.7836132049560547 1.2634060382843018 1.7727711200714111 1.4934377670288086 1.2790031433105469 1.4823391437530518 1.2587840557098389 1.7272441387176514 1.2831878662109375 1.7876012325286865 1.542220115661621

svm-def
0.010377168655395508 0.010552167892456055 0.013792037963867188 0.009557008743286133 0.012726068496704102 0.010148763656616211 0.011249303817749023 0.010165929794311523 0.013722896575927734 0.009060144424438477 0.009595155715942383 0.011004209518432617 0.009618997573852539 0.010015249252319336 0.009864091873168945 0.014489889144897461 0.009491920471191406 0.010800838470458984 0.015307903289794922 0.009654045104980469 0.0168912410736084 0.008951902389526367 0.013259172439575195 0.013405799865722656 0.013367891311645508

svm-def-clust
0.04178309440612793 0.03850913047790527 0.04212212562561035 0.041365861892700195 0.04041123390197754 0.039691925048828125 0.03903079032897949 0.04076409339904785 0.04262185096740723 0.04147791862487793 0.04248404502868652 0.0384221076965332 0.03788876533508301 0.03904318809509277 0.04252314567565918 0.0527341365814209 0.04912304878234863 0.04346895217895508 0.056407928466796875 0.039109230041503906 0.08102202415466309 0.03821372985839844 0.038871049880981445 0.04148077964782715 0.03899693489074707

svm-cfs
0.005195140838623047 0.004442930221557617 0.004883766174316406 0.005279064178466797 0.003758668899536133 0.004520893096923828 0.0045928955078125 0.005510807037353516 0.005114078521728516 0.00450587272644043 0.004921913146972656 0.003924846649169922 0.004308938980102539 0.004934787750244141 0.003920078277587891 0.006299018859863281 0.005029201507568359 0.0046961307525634766 0.00459599494934082 0.004593372344970703 0.009785890579223633 0.004838228225708008 0.003880023956298828 0.004786968231201172 0.004380941390991211

svm-cfs-clust
0.03630495071411133 0.029533863067626953 0.04942798614501953 0.03930187225341797 0.03537797927856445 0.03607487678527832 0.03302407264709473 0.033982038497924805 0.03862500190734863 0.03811788558959961 0.035410165786743164 0.03282284736633301 0.032113075256347656 0.0417790412902832 0.03298807144165039 0.045397043228149414 0.03627800941467285 0.0402989387512207 0.03234410285949707 0.03652215003967285 0.0601811408996582 0.027805089950561523 0.02793598175048828 0.031880855560302734 0.030218124389648438

svm-dtf
0.003283262252807617 0.003268718719482422 0.0037779808044433594 0.003509044647216797 0.003055095672607422 0.003155946731567383 0.003014802932739258 0.004909038543701172 0.0030858516693115234 0.0032529830932617188 0.0035109519958496094 0.0035791397094726562 0.00308990478515625 0.0037610530853271484 0.003429889678955078 0.002966165542602539 0.003618001937866211 0.003080129623413086 0.0036089420318603516 0.0036270618438720703 0.0046079158782958984 0.0030791759490966797 0.0029070377349853516 0.0034639835357666016 0.0029671192169189453

svm-dtf-clust
0.033239126205444336 0.030389070510864258 0.032613277435302734 0.04466509819030762 0.03443288803100586 0.03585219383239746 0.03432488441467285 0.045169830322265625 0.037245988845825195 0.0362091064453125 0.03297090530395508 0.032099246978759766 0.03324007987976074 0.03576183319091797 0.03288412094116211 0.03361320495605469 0.03722858428955078 0.033149003982543945 0.032502174377441406 0.035223960876464844 0.039980173110961914 0.03105306625366211 0.03127598762512207 0.03286886215209961 0.031169891357421875

svm-svmf
0.004639863967895508 0.003689289093017578 0.004168033599853516 0.008153915405273438 0.004286050796508789 0.0038068294525146484 0.004145145416259766 0.0034308433532714844 0.004884004592895508 0.00454401969909668 0.0034379959106445312 0.0035910606384277344 0.004121065139770508 0.0066068172454833984 0.0043680667877197266 0.004971027374267578 0.0039958953857421875 0.0033512115478515625 0.004152059555053711 0.004065036773681641 0.0040912628173828125 0.0032460689544677734 0.0038251876831054688 0.003170013427734375 0.0035190582275390625

svm-svmf-clust
0.04471588134765625 0.03783011436462402 0.03914284706115723 0.07631278038024902 0.041504859924316406 0.0452880859375 0.04684877395629883 0.05291581153869629 0.04812908172607422 0.04679703712463379 0.041882991790771484 0.03947281837463379 0.03810620307922363 0.04026389122009277 0.04978775978088379 0.04067516326904297 0.05091691017150879 0.0396878719329834 0.0457611083984375 0.039804935455322266 0.04280710220336914 0.04877614974975586 0.03924298286437988 0.054056406021118164 0.03704023361206055
