rand-def
0.0007040500640869141 0.0005581378936767578 0.0005509853363037109 0.0005807876586914062 0.0005459785461425781 0.0005810260772705078 0.0005462169647216797 0.0005741119384765625 0.0005609989166259766 0.0005991458892822266 0.0005550384521484375 0.0005347728729248047 0.0005409717559814453 0.0005340576171875 0.000553131103515625 0.0005350112915039062 0.0005390644073486328 0.0005786418914794922 0.0005469322204589844 0.0005509853363037109 0.0005879402160644531 0.0005438327789306641 0.0005509853363037109 0.0005350112915039062 0.0005512237548828125

oner-def
0.0020570755004882812 0.0020270347595214844 0.0020101070404052734 0.001967906951904297 0.0018768310546875 0.001964092254638672 0.001893758773803711 0.002056121826171875 0.0019681453704833984 0.0018963813781738281 0.0019488334655761719 0.0018842220306396484 0.0018849372863769531 0.001920938491821289 0.002048015594482422 0.0018918514251708984 0.0020380020141601562 0.0019199848175048828 0.0020682811737060547 0.0019190311431884766 0.001924753189086914 0.001894235610961914 0.001934051513671875 0.0019130706787109375 0.0018742084503173828

cart-def
0.0055501461029052734 0.0053751468658447266 0.004925966262817383 0.005125999450683594 0.005274772644042969 0.005750894546508789 0.005388021469116211 0.0062448978424072266 0.005380868911743164 0.0047092437744140625 0.00528717041015625 0.005586147308349609 0.005211830139160156 0.0055429935455322266 0.005907297134399414 0.004972934722900391 0.00543212890625 0.005357027053833008 0.004893064498901367 0.005826234817504883 0.005367755889892578 0.0047647953033447266 0.0045812129974365234 0.005347013473510742 0.004884958267211914

cart-def-clust
0.03719687461853027 0.03569316864013672 0.03564000129699707 0.03393101692199707 0.03517580032348633 0.036012887954711914 0.0369420051574707 0.04033088684082031 0.035041093826293945 0.0356900691986084 0.036258697509765625 0.035943031311035156 0.035492658615112305 0.03622102737426758 0.035887956619262695 0.03635692596435547 0.03479313850402832 0.034861087799072266 0.034358978271484375 0.03412604331970215 0.034458160400390625 0.03557896614074707 0.03710484504699707 0.03706812858581543 0.034049034118652344

cart-cfs
0.0022470951080322266 0.0020470619201660156 0.0019249916076660156 0.0020859241485595703 0.0017862319946289062 0.002267122268676758 0.0019838809967041016 0.0019598007202148438 0.0019881725311279297 0.0019159317016601562 0.0019230842590332031 0.0020389556884765625 0.00202178955078125 0.0018601417541503906 0.00156402587890625 0.002066373825073242 0.0020132064819335938 0.0019021034240722656 0.002003908157348633 0.0019168853759765625 0.0020911693572998047 0.0018949508666992188 0.0019540786743164062 0.0016417503356933594 0.001851797103881836

cart-cfs-clust
0.04413414001464844 0.047144174575805664 0.039009809494018555 0.04182100296020508 0.045207977294921875 0.0457150936126709 0.045873165130615234 0.04790997505187988 0.04497981071472168 0.04694390296936035 0.038641929626464844 0.04210782051086426 0.05107617378234863 0.050462961196899414 0.04572010040283203 0.05020880699157715 0.044680118560791016 0.045220136642456055 0.04124116897583008 0.045439958572387695 0.05074477195739746 0.04649090766906738 0.04114794731140137 0.05129075050354004 0.048840999603271484

cart-dtf
0.0018072128295898438 0.0015599727630615234 0.0014417171478271484 0.0014948844909667969 0.0016932487487792969 0.0014958381652832031 0.0016388893127441406 0.0016219615936279297 0.0015192031860351562 0.0015606880187988281 0.0016450881958007812 0.001741170883178711 0.0020020008087158203 0.0015659332275390625 0.0017499923706054688 0.0014338493347167969 0.0015888214111328125 0.0015339851379394531 0.0014157295227050781 0.001447916030883789 0.0012309551239013672 0.0014808177947998047 0.0015647411346435547 0.0015501976013183594 0.0014331340789794922

cart-dtf-clust
0.02484893798828125 0.03206777572631836 0.03333616256713867 0.030089855194091797 0.031951904296875 0.03235912322998047 0.029023408889770508 0.029345989227294922 0.026532888412475586 0.025233983993530273 0.030350923538208008 0.029140949249267578 0.02634906768798828 0.02578902244567871 0.043853044509887695 0.02553105354309082 0.025050878524780273 0.032887935638427734 0.025634050369262695 0.024970054626464844 0.0264132022857666 0.031375885009765625 0.030775785446166992 0.027676820755004883 0.03154110908508301

cart-svmf
0.0015761852264404297 0.001653909683227539 0.0015139579772949219 0.001851797103881836 0.0018389225006103516 0.0014557838439941406 0.0015392303466796875 0.001455068588256836 0.0016870498657226562 0.0016531944274902344 0.0017001628875732422 0.0015799999237060547 0.00146484375 0.0016069412231445312 0.005379915237426758 0.001558065414428711 0.001516103744506836 0.0017521381378173828 0.001589059829711914 0.0019371509552001953 0.0016169548034667969 0.0017461776733398438 0.0014829635620117188 0.0015680789947509766 0.0017390251159667969

cart-svmf-clust
0.03148007392883301 0.028405189514160156 0.04069399833679199 0.04014396667480469 0.036744117736816406 0.028033018112182617 0.03525876998901367 0.038771867752075195 0.03655099868774414 0.02986431121826172 0.02950000762939453 0.03185725212097168 0.03372383117675781 0.029613018035888672 0.06436896324157715 0.029053926467895508 0.03836989402770996 0.050147056579589844 0.03467917442321777 0.029762983322143555 0.03445315361022949 0.031083106994628906 0.02946186065673828 0.030755043029785156 0.03076004981994629

nb-def
0.0017507076263427734 0.001566171646118164 0.001561880111694336 0.002705097198486328 0.0014560222625732422 0.0014870166778564453 0.001554250717163086 0.0015747547149658203 0.0015859603881835938 0.0015850067138671875 0.001584768295288086 0.0016889572143554688 0.0017080307006835938 0.001531839370727539 0.0020029544830322266 0.0014519691467285156 0.0015842914581298828 0.0015549659729003906 0.001558065414428711 0.0014700889587402344 0.0015339851379394531 0.0015480518341064453 0.001455068588256836 0.0014488697052001953 0.0014379024505615234

nb-def-clust
0.03751707077026367 0.03360700607299805 0.03532004356384277 0.07299184799194336 0.03809618949890137 0.0344998836517334 0.03674435615539551 0.0348050594329834 0.0345759391784668 0.035687923431396484 0.03527998924255371 0.03505086898803711 0.03526186943054199 0.03762698173522949 0.038617849349975586 0.03460574150085449 0.03367781639099121 0.03421425819396973 0.03480195999145508 0.033329010009765625 0.03320121765136719 0.033856868743896484 0.03521895408630371 0.03512096405029297 0.03386998176574707

nb-cfs
0.0014400482177734375 0.0014162063598632812 0.0014317035675048828 0.0025260448455810547 0.001425027847290039 0.0014290809631347656 0.001413106918334961 0.001397848129272461 0.0014171600341796875 0.0014929771423339844 0.0014758110046386719 0.0013937950134277344 0.0014629364013671875 0.001416921615600586 0.0013649463653564453 0.0014278888702392578 0.0014109611511230469 0.0013949871063232422 0.0014300346374511719 0.0014691352844238281 0.0014147758483886719 0.0015099048614501953 0.0013930797576904297 0.0014836788177490234 0.0015130043029785156

nb-cfs-clust
0.04625725746154785 0.04897189140319824 0.038526058197021484 0.07615780830383301 0.04566311836242676 0.04589700698852539 0.04595494270324707 0.048089027404785156 0.04538917541503906 0.05210089683532715 0.040058135986328125 0.041786909103393555 0.04866385459899902 0.04932594299316406 0.0480499267578125 0.04852890968322754 0.045159101486206055 0.04696011543273926 0.04307079315185547 0.04775881767272949 0.047271013259887695 0.04449582099914551 0.04094886779785156 0.05195331573486328 0.048272132873535156

nb-dtf
0.0014836788177490234 0.0015001296997070312 0.0013680458068847656 0.0035619735717773438 0.0014200210571289062 0.00138092041015625 0.0013833045959472656 0.0013556480407714844 0.0013890266418457031 0.0014629364013671875 0.0013797283172607422 0.0013790130615234375 0.0014379024505615234 0.0013878345489501953 0.0013699531555175781 0.0013403892517089844 0.001371145248413086 0.0015392303466796875 0.0013461112976074219 0.0013921260833740234 0.0015249252319335938 0.0013360977172851562 0.001338958740234375 0.001371145248413086 0.0013742446899414062

nb-dtf-clust
0.027815818786621094 0.03368186950683594 0.037317752838134766 0.07201099395751953 0.03207588195800781 0.03304123878479004 0.029003143310546875 0.02962207794189453 0.02624988555908203 0.027019023895263672 0.03300213813781738 0.025065183639526367 0.026636838912963867 0.026420116424560547 0.03492307662963867 0.025853872299194336 0.02511906623840332 0.033271074295043945 0.02596116065979004 0.025685548782348633 0.0269010066986084 0.030076980590820312 0.029629945755004883 0.028209924697875977 0.03213000297546387

nb-svmf
0.0013811588287353516 0.0014121532440185547 0.0013980865478515625 0.001920938491821289 0.0014200210571289062 0.0013580322265625 0.0013730525970458984 0.0013461112976074219 0.0014393329620361328 0.0014519691467285156 0.0014069080352783203 0.0013470649719238281 0.0013630390167236328 0.0013790130615234375 0.0017342567443847656 0.0013298988342285156 0.0013759136199951172 0.0014729499816894531 0.0014181137084960938 0.0013532638549804688 0.0013899803161621094 0.001399993896484375 0.0014178752899169922 0.0013501644134521484 0.0013828277587890625

nb-svmf-clust
0.03656005859375 0.029474973678588867 0.040528059005737305 0.039311885833740234 0.037026166915893555 0.030884981155395508 0.03050708770751953 0.038182735443115234 0.03384232521057129 0.03127479553222656 0.03412914276123047 0.029355764389038086 0.03026413917541504 0.030565977096557617 0.03103780746459961 0.028743982315063477 0.03897523880004883 0.04468822479248047 0.03523397445678711 0.030541181564331055 0.034938812255859375 0.028905153274536133 0.031219005584716797 0.030298233032226562 0.0293271541595459

rf-def
0.2585890293121338 0.24181818962097168 0.24345779418945312 0.2448110580444336 0.24495220184326172 0.24381184577941895 0.2449808120727539 0.24561095237731934 0.247819185256958 0.24381804466247559 0.24864506721496582 0.24782514572143555 0.2428758144378662 0.2459850311279297 0.24441885948181152 0.24424219131469727 0.2447800636291504 0.2430570125579834 0.24531769752502441 0.24493098258972168 0.2442171573638916 0.24323606491088867 0.24752593040466309 0.2457892894744873 0.24322080612182617

rf-def-clust
1.3137609958648682 1.2844798564910889 1.2798409461975098 1.4245502948760986 1.2941830158233643 1.2895290851593018 1.2771482467651367 1.2899682521820068 1.290320873260498 1.2895500659942627 1.2865657806396484 1.2940518856048584 1.2915070056915283 1.287956953048706 1.4330580234527588 1.287377119064331 1.2793490886688232 1.2919769287109375 1.301151990890503 1.2927992343902588 1.2986960411071777 1.2939739227294922 1.2902882099151611 1.2834069728851318 1.294426679611206

rf-cfs
0.24808979034423828 0.25285816192626953 0.2523372173309326 0.37980103492736816 0.24975800514221191 0.25017213821411133 0.25335073471069336 0.2494668960571289 0.2502410411834717 0.24874019622802734 0.24874401092529297 0.25010013580322266 0.2471930980682373 0.24808597564697266 0.24927210807800293 0.24504709243774414 0.25274109840393066 0.24995779991149902 0.24527907371520996 0.24912571907043457 0.2531766891479492 0.2530539035797119 0.2511868476867676 0.251431941986084 0.2515683174133301

rf-cfs-clust
1.6826019287109375 1.5576171875 1.2960479259490967 1.5736796855926514 1.557786226272583 1.2946760654449463 1.3116950988769531 1.5552620887756348 1.5497291088104248 1.5435988903045654 1.301072120666504 1.570673942565918 1.5542709827423096 1.5460669994354248 1.582529067993164 1.556358814239502 1.7334809303283691 1.5569169521331787 1.5447418689727783 1.561499834060669 1.5590078830718994 1.300812005996704 1.3023831844329834 1.5625290870666504 1.5568678379058838

rf-dtf
0.2533400058746338 0.24718904495239258 0.25344109535217285 0.24926996231079102 0.2498490810394287 0.249467134475708 0.2517390251159668 0.24779486656188965 0.2544691562652588 0.24850893020629883 0.2516467571258545 0.25314807891845703 0.24875497817993164 0.24997997283935547 0.24597501754760742 0.2516329288482666 0.2503499984741211 0.2508058547973633 0.250079870223999 0.2518911361694336 0.25100207328796387 0.24550199508666992 0.25015878677368164 0.2518889904022217 0.2531290054321289

rf-dtf-clust
1.0355079174041748 1.0289041996002197 1.0396537780761719 1.17702317237854 1.0340192317962646 1.0417778491973877 1.0315098762512207 1.0371472835540771 1.0183370113372803 1.0265390872955322 1.0409531593322754 1.0244739055633545 1.0273287296295166 1.0345726013183594 1.0556209087371826 1.02028489112854 1.0687439441680908 0.786696195602417 0.7884161472320557 1.0265858173370361 1.0275850296020508 1.037858009338379 1.035003900527954 1.0417683124542236 1.032837152481079

rf-svmf
0.2513589859008789 0.24818825721740723 0.24563813209533691 0.2529330253601074 0.24186086654663086 0.2504398822784424 0.2502560615539551 0.24971294403076172 0.2493119239807129 0.24741792678833008 0.24755311012268066 0.24649810791015625 0.25017595291137695 0.25014781951904297 0.27237796783447266 0.25023484230041504 0.25684213638305664 0.24941110610961914 0.25138211250305176 0.251079797744751 0.24842500686645508 0.24766826629638672 0.2519400119781494 0.2535970211029053 0.2516958713531494

rf-svmf-clust
1.2905700206756592 1.296354055404663 1.0420138835906982 1.5626301765441895 1.0392751693725586 1.2737970352172852 1.279670000076294 1.0599021911621094 1.032649040222168 1.4415647983551025 1.301234245300293 1.3180840015411377 1.2828528881072998 1.2836649417877197 0.786060094833374 1.2799289226531982 1.209306240081787 1.2973010540008545 0.7852728366851807 1.2928671836853027 1.0408129692077637 1.2822437286376953 1.29538893699646 1.2864618301391602 1.2874722480773926

svm-def
0.011422872543334961 0.012032032012939453 0.011934995651245117 0.012125730514526367 0.011449813842773438 0.011956214904785156 0.011410951614379883 0.010271787643432617 0.01247406005859375 0.011964082717895508 0.01161813735961914 0.013029813766479492 0.011491060256958008 0.011449098587036133 0.011137008666992188 0.011974334716796875 0.011408090591430664 0.013096094131469727 0.01318502426147461 0.011839866638183594 0.011374711990356445 0.01197195053100586 0.01155400276184082 0.01240396499633789 0.012668848037719727

svm-def-clust
0.03668689727783203 0.04306983947753906 0.03956198692321777 0.07198691368103027 0.03821301460266113 0.03932905197143555 0.03970789909362793 0.03745102882385254 0.037017822265625 0.03822612762451172 0.04388284683227539 0.04006195068359375 0.03826904296875 0.03799605369567871 0.03905010223388672 0.037921905517578125 0.03802490234375 0.03809785842895508 0.03877973556518555 0.03659391403198242 0.03685808181762695 0.036965131759643555 0.03969001770019531 0.038510799407958984 0.035762786865234375

svm-cfs
0.0035729408264160156 0.0035011768341064453 0.0034360885620117188 0.00851297378540039 0.0037119388580322266 0.003698110580444336 0.003571033477783203 0.004263877868652344 0.0029451847076416016 0.0034508705139160156 0.0031359195709228516 0.002974987030029297 0.0034449100494384766 0.0035071372985839844 0.0033500194549560547 0.0036318302154541016 0.003610849380493164 0.0032057762145996094 0.003192901611328125 0.0034198760986328125 0.0034151077270507812 0.003874063491821289 0.0031061172485351562 0.0034203529357910156 0.003770112991333008

svm-cfs-clust
0.04540586471557617 0.05074787139892578 0.03893613815307617 0.10416412353515625 0.04541325569152832 0.0491330623626709 0.046777963638305664 0.048959970474243164 0.04484701156616211 0.047760725021362305 0.04094195365905762 0.04293107986450195 0.04958486557006836 0.051373958587646484 0.04674696922302246 0.04910588264465332 0.045189857482910156 0.04588627815246582 0.040734052658081055 0.04378318786621094 0.04824090003967285 0.04437875747680664 0.04243016242980957 0.05147528648376465 0.04801583290100098

svm-dtf
0.003591775894165039 0.0035200119018554688 0.00586700439453125 0.006960868835449219 0.003022909164428711 0.0041391849517822266 0.0038628578186035156 0.0034770965576171875 0.0039789676666259766 0.003220081329345703 0.003522157669067383 0.0030112266540527344 0.003113985061645508 0.003761768341064453 0.004151105880737305 0.0031538009643554688 0.003200054168701172 0.003156900405883789 0.0033681392669677734 0.0033359527587890625 0.0036368370056152344 0.003610849380493164 0.0037848949432373047 0.003993988037109375 0.0031578540802001953

svm-dtf-clust
0.026401042938232422 0.033251047134399414 0.033644914627075195 0.0812079906463623 0.03253293037414551 0.03556370735168457 0.029925823211669922 0.030840635299682617 0.026634931564331055 0.030289173126220703 0.03133702278137207 0.027156352996826172 0.027232885360717773 0.02640390396118164 0.03058004379272461 0.02999114990234375 0.025578022003173828 0.03312802314758301 0.026726245880126953 0.02724003791809082 0.0287630558013916 0.031987905502319336 0.029987096786499023 0.02894902229309082 0.031033992767333984

svm-svmf
0.0031881332397460938 0.0035789012908935547 0.002821207046508789 0.00441431999206543 0.0029277801513671875 0.003208160400390625 0.0031957626342773438 0.0030248165130615234 0.0029802322387695312 0.005429983139038086 0.003139972686767578 0.005144834518432617 0.0029592514038085938 0.0032062530517578125 0.0034058094024658203 0.003192901611328125 0.0028328895568847656 0.0031020641326904297 0.003077268600463867 0.0034072399139404297 0.0029439926147460938 0.003031015396118164 0.003690958023071289 0.00335693359375 0.0029180049896240234

svm-svmf-clust
0.03281211853027344 0.0312960147857666 0.03983283042907715 0.037407875061035156 0.03712010383605957 0.029420852661132812 0.030578136444091797 0.03949427604675293 0.03361701965332031 0.030914783477783203 0.03081512451171875 0.036448001861572266 0.0293729305267334 0.03009486198425293 0.030931949615478516 0.029383182525634766 0.03939509391784668 0.04362177848815918 0.03550410270690918 0.03106403350830078 0.04125833511352539 0.029989242553710938 0.030556917190551758 0.029819011688232422 0.031719207763671875
