rand-def
0.0006191730499267578 0.0005421638488769531 0.0005369186401367188 0.0005130767822265625 0.0005261898040771484 0.0005338191986083984 0.0007078647613525391 0.0005650520324707031 0.0005328655242919922 0.0005850791931152344 0.0005331039428710938 0.0006122589111328125 0.0008461475372314453 0.0005218982696533203 0.0005671977996826172 0.0005419254302978516 0.0005412101745605469 0.0005617141723632812 0.0005309581756591797 0.0005168914794921875 0.0005290508270263672 0.0005419254302978516 0.0005748271942138672 0.0005280971527099609 0.0005230903625488281

oner-def
0.0018668174743652344 0.001990079879760742 0.0019299983978271484 0.001859903335571289 0.0018711090087890625 0.001895904541015625 0.0025758743286132812 0.0020570755004882812 0.0020499229431152344 0.0018529891967773438 0.0019009113311767578 0.0019168853759765625 0.003175973892211914 0.0020711421966552734 0.0019259452819824219 0.00209808349609375 0.0018651485443115234 0.0018351078033447266 0.0019440650939941406 0.001847982406616211 0.0019538402557373047 0.0018680095672607422 0.0018661022186279297 0.0019121170043945312 0.0019199848175048828

cart-def
0.004488945007324219 0.0055119991302490234 0.006376981735229492 0.006627082824707031 0.0054721832275390625 0.006353139877319336 0.006118059158325195 0.00510406494140625 0.00709080696105957 0.0047092437744140625 0.00535893440246582 0.005273103713989258 0.014544963836669922 0.005656003952026367 0.0065152645111083984 0.005251884460449219 0.0065097808837890625 0.004904985427856445 0.0056149959564208984 0.005271196365356445 0.0045909881591796875 0.005738973617553711 0.005940914154052734 0.005589008331298828 0.00616908073425293

cart-def-clust
0.04078102111816406 0.03935408592224121 0.03977823257446289 0.03970909118652344 0.03865313529968262 0.039196014404296875 0.0520021915435791 0.05091500282287598 0.04788780212402344 0.03820371627807617 0.039700984954833984 0.0401608943939209 0.10258102416992188 0.03940391540527344 0.03872275352478027 0.04079699516296387 0.03914594650268555 0.038168907165527344 0.04387497901916504 0.03893280029296875 0.03832101821899414 0.03920102119445801 0.035721778869628906 0.04088711738586426 0.04307985305786133

cart-cfs
0.0017778873443603516 0.0015392303466796875 0.0014789104461669922 0.0014660358428955078 0.0014886856079101562 0.0014357566833496094 0.0028128623962402344 0.002958059310913086 0.0018038749694824219 0.0013570785522460938 0.0016179084777832031 0.0017180442810058594 0.0022079944610595703 0.0015001296997070312 0.001477956771850586 0.0016069412231445312 0.00168609619140625 0.0015387535095214844 0.0014948844909667969 0.0015797615051269531 0.001554250717163086 0.0017437934875488281 0.0014252662658691406 0.0015289783477783203 0.001422882080078125

cart-cfs-clust
0.046280860900878906 0.030362844467163086 0.035607099533081055 0.034911155700683594 0.0438690185546875 0.03233790397644043 0.04695916175842285 0.05113983154296875 0.04041767120361328 0.0345311164855957 0.04015803337097168 0.03668093681335449 0.11962199211120605 0.03429222106933594 0.0375821590423584 0.03634190559387207 0.03804373741149902 0.03550887107849121 0.041404008865356445 0.037110090255737305 0.042938947677612305 0.0377810001373291 0.03482699394226074 0.035855770111083984 0.03162503242492676

cart-dtf
0.0012660026550292969 0.001271963119506836 0.0011708736419677734 0.0013990402221679688 0.0012538433074951172 0.0012240409851074219 0.0012822151184082031 0.0013861656188964844 0.0012679100036621094 0.0012080669403076172 0.0013089179992675781 0.001257181167602539 0.003142118453979492 0.0012621879577636719 0.0013191699981689453 0.0012791156768798828 0.0013589859008789062 0.0011718273162841797 0.0013020038604736328 0.0012447834014892578 0.0011677742004394531 0.001222848892211914 0.0012049674987792969 0.0011980533599853516 0.0012080669403076172

cart-dtf-clust
0.03004312515258789 0.02945685386657715 0.025044918060302734 0.03201580047607422 0.025645017623901367 0.0270998477935791 0.025170087814331055 0.03121495246887207 0.027565956115722656 0.025262832641601562 0.028369903564453125 0.03320598602294922 0.09124207496643066 0.030324935913085938 0.028560876846313477 0.030776023864746094 0.028592824935913086 0.022121906280517578 0.02693033218383789 0.029241085052490234 0.024430036544799805 0.026919841766357422 0.023399829864501953 0.02740311622619629 0.02551102638244629

cart-svmf
0.0016150474548339844 0.0018329620361328125 0.0018270015716552734 0.0016989707946777344 0.001795053482055664 0.0018320083618164062 0.0016918182373046875 0.001817941665649414 0.0017349720001220703 0.0017299652099609375 0.001714944839477539 0.0017731189727783203 0.003834962844848633 0.0019600391387939453 0.0015919208526611328 0.0016949176788330078 0.0017180442810058594 0.0017390251159667969 0.0019898414611816406 0.001603841781616211 0.0018138885498046875 0.0016326904296875 0.0015537738800048828 0.0016489028930664062 0.0018210411071777344

cart-svmf-clust
0.03600192070007324 0.03485989570617676 0.03500795364379883 0.032369136810302734 0.03643798828125 0.034887075424194336 0.04290604591369629 0.03222799301147461 0.03668689727783203 0.03236889839172363 0.03375506401062012 0.035141706466674805 0.1200869083404541 0.033637046813964844 0.03292703628540039 0.04002189636230469 0.03485989570617676 0.028989791870117188 0.03391003608703613 0.035234928131103516 0.033422231674194336 0.0385441780090332 0.032489776611328125 0.036002159118652344 0.03516411781311035

nb-def
0.00152587890625 0.001497030258178711 0.0015170574188232422 0.0014331340789794922 0.0015690326690673828 0.0015869140625 0.0015590190887451172 0.0015492439270019531 0.0015430450439453125 0.0014200210571289062 0.0014567375183105469 0.001470804214477539 0.0037832260131835938 0.0015718936920166016 0.0014600753784179688 0.002245187759399414 0.0014159679412841797 0.00173187255859375 0.0014269351959228516 0.00150299072265625 0.0014851093292236328 0.0015690326690673828 0.0014767646789550781 0.0014748573303222656 0.0014269351959228516

nb-def-clust
0.03880906105041504 0.040550947189331055 0.040307044982910156 0.0400240421295166 0.0380558967590332 0.03850817680358887 0.04016518592834473 0.04069375991821289 0.038511037826538086 0.03801107406616211 0.038886308670043945 0.03945589065551758 0.11932086944580078 0.039144039154052734 0.03724193572998047 0.039071083068847656 0.038655996322631836 0.03735709190368652 0.03854703903198242 0.0409550666809082 0.03720688819885254 0.03937411308288574 0.034789085388183594 0.03943133354187012 0.03967595100402832

nb-cfs
0.0013632774353027344 0.0013480186462402344 0.0013668537139892578 0.0014100074768066406 0.001355886459350586 0.00133514404296875 0.0013728141784667969 0.0015501976013183594 0.0014078617095947266 0.0013000965118408203 0.0014050006866455078 0.0013709068298339844 0.0029850006103515625 0.0014102458953857422 0.0013129711151123047 0.001589059829711914 0.001458883285522461 0.001428842544555664 0.0014259815216064453 0.0014488697052001953 0.0013539791107177734 0.00138092041015625 0.001306772232055664 0.0013680458068847656 0.0013399124145507812

nb-cfs-clust
0.042263031005859375 0.031209945678710938 0.036170005798339844 0.03625297546386719 0.04499506950378418 0.03282809257507324 0.0361788272857666 0.03793478012084961 0.03987598419189453 0.03573918342590332 0.03937506675720215 0.03705286979675293 0.0791323184967041 0.03518486022949219 0.03902792930603027 0.03625297546386719 0.044203996658325195 0.039865970611572266 0.042739152908325195 0.037693023681640625 0.04259014129638672 0.038924217224121094 0.03494381904602051 0.03450798988342285 0.03148007392883301

nb-dtf
0.0013020038604736328 0.0013277530670166016 0.001322031021118164 0.0013461112976074219 0.0013287067413330078 0.0013432502746582031 0.0013620853424072266 0.0013229846954345703 0.0013420581817626953 0.0013377666473388672 0.0013921260833740234 0.0013370513916015625 0.001474142074584961 0.0013279914855957031 0.001445770263671875 0.0013740062713623047 0.0014119148254394531 0.0015380382537841797 0.0013382434844970703 0.0013289451599121094 0.0013003349304199219 0.0013391971588134766 0.001318216323852539 0.0013272762298583984 0.0013108253479003906

nb-dtf-clust
0.029968976974487305 0.03237199783325195 0.025887012481689453 0.029420137405395508 0.025747060775756836 0.02745985984802246 0.024880170822143555 0.027575016021728516 0.02823925018310547 0.02600407600402832 0.03177905082702637 0.030742883682250977 0.0310671329498291 0.027890920639038086 0.02960801124572754 0.03148484230041504 0.03171682357788086 0.023385047912597656 0.026162147521972656 0.029360294342041016 0.023128032684326172 0.027174711227416992 0.024541854858398438 0.028078794479370117 0.02556586265563965

nb-svmf
0.0013680458068847656 0.0014071464538574219 0.0013649463653564453 0.0013740062713623047 0.0014231204986572266 0.0014181137084960938 0.0014221668243408203 0.0013849735260009766 0.001386880874633789 0.0013811588287353516 0.0014691352844238281 0.0014219284057617188 0.0014719963073730469 0.0014319419860839844 0.0016078948974609375 0.0013818740844726562 0.0015521049499511719 0.0014657974243164062 0.0013811588287353516 0.0013701915740966797 0.0014300346374511719 0.0013527870178222656 0.0013689994812011719 0.001371145248413086 0.0013859272003173828

nb-svmf-clust
0.035645246505737305 0.03425288200378418 0.0362851619720459 0.032003164291381836 0.036733150482177734 0.03514814376831055 0.0417790412902832 0.03124713897705078 0.038062095642089844 0.03403615951538086 0.035629987716674805 0.03605294227600098 0.035127878189086914 0.034887075424194336 0.039494991302490234 0.03900289535522461 0.037468910217285156 0.030202150344848633 0.03343391418457031 0.03481435775756836 0.03361988067626953 0.039000749588012695 0.03316211700439453 0.03714799880981445 0.03582119941711426

rf-def
0.24553990364074707 0.2480912208557129 0.24679827690124512 0.24763798713684082 0.24521517753601074 0.2430579662322998 0.24741697311401367 0.24649786949157715 0.24310708045959473 0.24521303176879883 0.2479250431060791 0.24221301078796387 0.24705886840820312 0.24626994132995605 0.24892640113830566 0.24248504638671875 0.24242711067199707 0.24302196502685547 0.2459850311279297 0.24318170547485352 0.24326801300048828 0.24892282485961914 0.2462911605834961 0.24787473678588867 0.24570608139038086

rf-def-clust
1.5507628917694092 1.5363309383392334 1.5431361198425293 1.5476584434509277 1.534381628036499 1.533729076385498 1.546663761138916 1.5622737407684326 1.556440830230713 1.5891051292419434 1.561553955078125 1.5832748413085938 1.8092799186706543 1.5580012798309326 1.5394587516784668 1.5530338287353516 1.5381059646606445 1.5400760173797607 1.5498030185699463 1.567924976348877 1.5586540699005127 1.5638940334320068 1.2907168865203857 1.5470457077026367 1.5622897148132324

rf-cfs
0.24879693984985352 0.2506740093231201 0.25061511993408203 0.2495720386505127 0.2534310817718506 0.24840402603149414 0.2512531280517578 0.2524452209472656 0.25252509117126465 0.25168800354003906 0.25006699562072754 0.30520105361938477 0.25032877922058105 0.25623202323913574 0.25008583068847656 0.25100016593933105 0.24778294563293457 0.2507920265197754 0.2498319149017334 0.2504408359527588 0.25205469131469727 0.24853205680847168 0.24781584739685059 0.2505028247833252 0.25000810623168945

rf-cfs-clust
1.3081090450286865 0.7948489189147949 1.5551738739013672 1.0419039726257324 1.522355318069458 1.0343189239501953 1.3021020889282227 1.2956249713897705 1.306387186050415 1.0365169048309326 1.3219740390777588 1.0810928344726562 1.5999500751495361 1.281294822692871 1.310582160949707 1.0537190437316895 1.5815789699554443 1.3085031509399414 1.5554189682006836 1.5549333095550537 1.5512371063232422 1.2879588603973389 1.0450501441955566 1.3189051151275635 0.7931749820709229

rf-dtf
0.2501819133758545 0.2522928714752197 0.2527141571044922 0.2503659725189209 0.25009989738464355 0.2517061233520508 0.24800395965576172 0.2523493766784668 0.24886512756347656 0.2502710819244385 0.24945306777954102 0.25426387786865234 0.269960880279541 0.2546422481536865 0.2491898536682129 0.25029492378234863 0.25344419479370117 0.2519979476928711 0.250072717666626 0.25412511825561523 0.2492678165435791 0.24886298179626465 0.24638819694519043 0.2509331703186035 0.25104212760925293

rf-dtf-clust
1.0302419662475586 1.2942299842834473 1.0372591018676758 1.2844831943511963 0.7801752090454102 1.0241882801055908 0.7861597537994385 1.0344979763031006 0.8018698692321777 0.781710147857666 1.1571409702301025 1.2992241382598877 1.290546178817749 0.7694756984710693 1.2815570831298828 1.2839329242706299 1.2930948734283447 0.5284202098846436 0.7863321304321289 1.0410680770874023 0.5390510559082031 1.036135196685791 0.7844839096069336 1.038233757019043 0.7839047908782959

rf-svmf
0.26552700996398926 0.24767494201660156 0.24946904182434082 0.2532181739807129 0.24767303466796875 0.25078392028808594 0.2525768280029297 0.2484879493713379 0.24922490119934082 0.25693678855895996 0.38121604919433594 0.25216102600097656 0.25408291816711426 0.2503371238708496 0.25403285026550293 0.25301408767700195 0.25025510787963867 0.2510058879852295 0.2501101493835449 0.25193190574645996 0.25056910514831543 0.24767494201660156 0.2505757808685303 0.2520408630371094 0.24788784980773926

rf-svmf-clust
1.2807869911193848 1.5352907180786133 1.5417380332946777 1.0335540771484375 1.5591998100280762 1.282470941543579 1.5699489116668701 0.782440185546875 1.5574259757995605 1.5386250019073486 1.576207160949707 1.550494909286499 1.554616928100586 1.287024974822998 1.2796642780303955 1.5397489070892334 1.300812005996704 0.7987072467803955 1.5651237964630127 1.2993860244750977 1.2893548011779785 1.5590298175811768 1.0304381847381592 1.543370246887207 1.5418410301208496

svm-def
0.009660005569458008 0.010579347610473633 0.01084589958190918 0.00923299789428711 0.011432886123657227 0.010196924209594727 0.010751008987426758 0.011452913284301758 0.011195898056030273 0.010711908340454102 0.01150202751159668 0.011389017105102539 0.013677835464477539 0.010663270950317383 0.011746883392333984 0.011022806167602539 0.01064300537109375 0.011325359344482422 0.011474132537841797 0.010876893997192383 0.01112222671508789 0.011570930480957031 0.011074066162109375 0.011417865753173828 0.010759115219116211

svm-def-clust
0.041037797927856445 0.040422916412353516 0.04169106483459473 0.04064202308654785 0.04177212715148926 0.041104793548583984 0.047348976135253906 0.04098701477050781 0.042923688888549805 0.04405617713928223 0.04907417297363281 0.047621726989746094 0.06026196479797363 0.04238414764404297 0.041808128356933594 0.04349470138549805 0.04212498664855957 0.042278289794921875 0.043872833251953125 0.04242110252380371 0.042504072189331055 0.042558908462524414 0.04120278358459473 0.04783892631530762 0.043827056884765625

svm-cfs
0.0026051998138427734 0.002444028854370117 0.002403736114501953 0.002311229705810547 0.002568960189819336 0.0025582313537597656 0.0028510093688964844 0.002805948257446289 0.0025949478149414062 0.002235889434814453 0.0045719146728515625 0.0024619102478027344 0.0036308765411376953 0.0022780895233154297 0.002228260040283203 0.0024042129516601562 0.0024619102478027344 0.002371072769165039 0.002607107162475586 0.002412080764770508 0.0025148391723632812 0.002434253692626953 0.0024061203002929688 0.0023131370544433594 0.0035257339477539062

svm-cfs-clust
0.04514718055725098 0.0304110050201416 0.03701496124267578 0.03445792198181152 0.04374098777770996 0.03274106979370117 0.03815102577209473 0.03628993034362793 0.03778481483459473 0.035635948181152344 0.03970503807067871 0.036273956298828125 0.05554699897766113 0.03485417366027832 0.04191923141479492 0.036473989486694336 0.03906893730163574 0.03681015968322754 0.04092907905578613 0.03745603561401367 0.043493032455444336 0.03839588165283203 0.03793692588806152 0.03427314758300781 0.032372236251831055

svm-dtf
0.0030138492584228516 0.002477884292602539 0.003011941909790039 0.0025479793548583984 0.0030040740966796875 0.0028340816497802734 0.003233194351196289 0.002863168716430664 0.003195047378540039 0.002856016159057617 0.003322124481201172 0.0027551651000976562 0.0029790401458740234 0.0030336380004882812 0.0024499893188476562 0.0029082298278808594 0.002361297607421875 0.0031731128692626953 0.002988100051879883 0.003173828125 0.003078937530517578 0.003328084945678711 0.0030472278594970703 0.0030410289764404297 0.0029439926147460938

svm-dtf-clust
0.03155827522277832 0.02939629554748535 0.026306867599487305 0.03046393394470215 0.0258028507232666 0.027853965759277344 0.028417110443115234 0.027116060256958008 0.027755022048950195 0.027421951293945312 0.029397964477539062 0.030554771423339844 0.03469395637512207 0.027524948120117188 0.029983043670654297 0.030743122100830078 0.029632091522216797 0.025784730911254883 0.02672576904296875 0.03002333641052246 0.02496194839477539 0.030752182006835938 0.026308774948120117 0.02858901023864746 0.026471853256225586

svm-svmf
0.0027589797973632812 0.0026428699493408203 0.002866029739379883 0.0030138492584228516 0.0028450489044189453 0.002817869186401367 0.002878904342651367 0.0026628971099853516 0.0025911331176757812 0.002717733383178711 0.0029768943786621094 0.0029020309448242188 0.0028710365295410156 0.003013134002685547 0.0028700828552246094 0.0028221607208251953 0.002759218215942383 0.0025620460510253906 0.0028281211853027344 0.0026731491088867188 0.002373933792114258 0.002807140350341797 0.0029990673065185547 0.003047943115234375 0.003030061721801758

svm-svmf-clust
0.036355018615722656 0.0332028865814209 0.035614967346191406 0.032811880111694336 0.03583502769470215 0.03552603721618652 0.0432281494140625 0.03011608123779297 0.03509879112243652 0.033303022384643555 0.03611302375793457 0.03519892692565918 0.033722877502441406 0.03400397300720215 0.0335841178894043 0.03868889808654785 0.03511404991149902 0.02943897247314453 0.03323483467102051 0.03646111488342285 0.03577399253845215 0.03831195831298828 0.034440040588378906 0.04315495491027832 0.03578996658325195
