rand-def
0.0006799697875976562 0.0005540847778320312 0.0005328655242919922 0.0005440711975097656 0.0005300045013427734 0.0005350112915039062 0.0005249977111816406 0.0005419254302978516 0.0005249977111816406 0.0005369186401367188 0.0005252361297607422 0.0005257129669189453 0.0005669593811035156 0.0005350112915039062 0.0005459785461425781 0.0005397796630859375 0.0007531642913818359 0.0005431175231933594 0.0005350112915039062 0.0005350112915039062 0.0005710124969482422 0.0006458759307861328 0.0019309520721435547 0.0005571842193603516 0.0005478858947753906

oner-def
0.0019919872283935547 0.002015829086303711 0.0020852088928222656 0.00199127197265625 0.001950979232788086 0.002031087875366211 0.0019237995147705078 0.002003908157348633 0.0019278526306152344 0.002052783966064453 0.001949310302734375 0.0019240379333496094 0.0020699501037597656 0.0019910335540771484 0.002015829086303711 0.0019488334655761719 0.003337860107421875 0.0019440650939941406 0.0019998550415039062 0.0019559860229492188 0.0020368099212646484 0.0023970603942871094 0.00251007080078125 0.0020279884338378906 0.0020020008087158203

cart-def
0.005734920501708984 0.007510185241699219 0.005916118621826172 0.006378889083862305 0.006678104400634766 0.006909847259521484 0.005000114440917969 0.007472038269042969 0.006830930709838867 0.0062367916107177734 0.0056688785552978516 0.006373167037963867 0.0066509246826171875 0.006143808364868164 0.005706071853637695 0.006803989410400391 0.008293867111206055 0.006499052047729492 0.006976127624511719 0.006456136703491211 0.007478952407836914 0.0070819854736328125 0.008625984191894531 0.007401227951049805 0.0056591033935546875

cart-def-clust
0.04171586036682129 0.04043912887573242 0.04110383987426758 0.04139089584350586 0.03680086135864258 0.04292464256286621 0.04019284248352051 0.03914499282836914 0.041544198989868164 0.04189300537109375 0.04124903678894043 0.03692007064819336 0.047106027603149414 0.039906978607177734 0.04035186767578125 0.04437661170959473 0.048322200775146484 0.04097771644592285 0.03850293159484863 0.05142092704772949 0.042140960693359375 0.049588918685913086 0.05240988731384277 0.04282379150390625 0.04285120964050293

cart-cfs
0.0016949176788330078 0.0017559528350830078 0.0018312931060791016 0.0015628337860107422 0.001641988754272461 0.0016503334045410156 0.0017631053924560547 0.0015480518341064453 0.0015728473663330078 0.0017218589782714844 0.0016469955444335938 0.0016291141510009766 0.0017316341400146484 0.001767873764038086 0.0015838146209716797 0.0016589164733886719 0.001870870590209961 0.0015807151794433594 0.0018630027770996094 0.0046579837799072266 0.0018420219421386719 0.0024106502532958984 0.002115011215209961 0.0019488334655761719 0.0017099380493164062

cart-cfs-clust
0.03880596160888672 0.04053092002868652 0.0359189510345459 0.03463602066040039 0.029338836669921875 0.034226179122924805 0.032877206802368164 0.033087968826293945 0.037893056869506836 0.032193899154663086 0.0358729362487793 0.02901601791381836 0.035729169845581055 0.03294491767883301 0.032418012619018555 0.035372018814086914 0.03486990928649902 0.033713340759277344 0.03328824043273926 0.04902195930480957 0.03341174125671387 0.04661226272583008 0.03968000411987305 0.03528404235839844 0.03614211082458496

cart-dtf
0.0013759136199951172 0.0013158321380615234 0.0012888908386230469 0.0013229846954345703 0.0012438297271728516 0.0013041496276855469 0.0013251304626464844 0.0011661052703857422 0.0013418197631835938 0.0012259483337402344 0.0014138221740722656 0.0013477802276611328 0.0014200210571289062 0.0012829303741455078 0.0013148784637451172 0.0012390613555908203 0.0014760494232177734 0.0012407302856445312 0.0014522075653076172 0.004310131072998047 0.0012989044189453125 0.0021119117736816406 0.0014858245849609375 0.0014071464538574219 0.0014777183532714844

cart-dtf-clust
0.026109933853149414 0.02528095245361328 0.02498006820678711 0.025812864303588867 0.02323627471923828 0.025658130645751953 0.02552199363708496 0.02283501625061035 0.026765108108520508 0.026023387908935547 0.024977922439575195 0.02572011947631836 0.024792194366455078 0.02454400062561035 0.025044918060302734 0.025577068328857422 0.028935909271240234 0.020315170288085938 0.025795936584472656 0.029088973999023438 0.02378392219543457 0.034423112869262695 0.030689001083374023 0.02780890464782715 0.026672840118408203

cart-svmf
0.001814126968383789 0.0017938613891601562 0.0018889904022216797 0.001775979995727539 0.0018930435180664062 0.0018379688262939453 0.0017120838165283203 0.0017998218536376953 0.00180816650390625 0.001699209213256836 0.0016660690307617188 0.00173187255859375 0.0019321441650390625 0.0017762184143066406 0.0019040107727050781 0.0017380714416503906 0.002062082290649414 0.002131938934326172 0.0019278526306152344 0.0020227432250976562 0.002010822296142578 0.0019359588623046875 0.002268075942993164 0.0026159286499023438 0.0019559860229492188

cart-svmf-clust
0.029797792434692383 0.02916693687438965 0.030359983444213867 0.02974987030029297 0.029816150665283203 0.029750823974609375 0.03032398223876953 0.030353069305419922 0.030292034149169922 0.03716731071472168 0.030373811721801758 0.029967069625854492 0.03000497817993164 0.030417203903198242 0.031549930572509766 0.030705928802490234 0.032215118408203125 0.0372462272644043 0.031109094619750977 0.03455805778503418 0.032171010971069336 0.03724479675292969 0.03605198860168457 0.03435516357421875 0.030724048614501953

nb-def
0.0014679431915283203 0.0014791488647460938 0.0017359256744384766 0.0017881393432617188 0.0015149116516113281 0.0015690326690673828 0.0014460086822509766 0.0015399456024169922 0.0014567375183105469 0.0014410018920898438 0.0014629364013671875 0.0015180110931396484 0.0015110969543457031 0.0014891624450683594 0.0015177726745605469 0.001505136489868164 0.0019390583038330078 0.0014920234680175781 0.0016150474548339844 0.0015451908111572266 0.001573324203491211 0.001798868179321289 0.0015749931335449219 0.00150299072265625 0.0017709732055664062

nb-def-clust
0.03928709030151367 0.0393528938293457 0.04045915603637695 0.04025888442993164 0.04207897186279297 0.03957796096801758 0.04206109046936035 0.04244208335876465 0.0398709774017334 0.03976702690124512 0.03958606719970703 0.03679203987121582 0.040225982666015625 0.03815770149230957 0.03874397277832031 0.03849983215332031 0.04195880889892578 0.039916038513183594 0.03771400451660156 0.0383448600769043 0.040563106536865234 0.05270886421203613 0.044175148010253906 0.040154218673706055 0.04131817817687988

nb-cfs
0.0013659000396728516 0.0013408660888671875 0.0016179084777832031 0.001336812973022461 0.0013360977172851562 0.0013210773468017578 0.0013680458068847656 0.0013229846954345703 0.0013570785522460938 0.001363992691040039 0.0013267993927001953 0.0013821125030517578 0.001608133316040039 0.001322031021118164 0.0013380050659179688 0.0013208389282226562 0.0013530254364013672 0.0013320446014404297 0.00140380859375 0.0013840198516845703 0.0015060901641845703 0.0023119449615478516 0.0016319751739501953 0.0014560222625732422 0.001470804214477539

nb-cfs-clust
0.035008907318115234 0.04214024543762207 0.036836862564086914 0.035227060317993164 0.029712200164794922 0.0346531867980957 0.03358292579650879 0.03345298767089844 0.03862810134887695 0.0325779914855957 0.036041259765625 0.02933788299560547 0.03676891326904297 0.03388810157775879 0.0327458381652832 0.03566384315490723 0.03361392021179199 0.034139156341552734 0.03287792205810547 0.03779006004333496 0.03585100173950195 0.049504756927490234 0.0405881404876709 0.035264015197753906 0.039765119552612305

nb-dtf
0.0013170242309570312 0.0013391971588134766 0.001344919204711914 0.0013360977172851562 0.0013141632080078125 0.0014600753784179688 0.0013239383697509766 0.0013098716735839844 0.0013849735260009766 0.0013511180877685547 0.001322031021118164 0.0013229846954345703 0.0013260841369628906 0.0013859272003173828 0.0013687610626220703 0.0013229846954345703 0.0015070438385009766 0.0013108253479003906 0.0013298988342285156 0.0013241767883300781 0.001500844955444336 0.0022530555725097656 0.001692056655883789 0.0014142990112304688 0.0014300346374511719

nb-dtf-clust
0.04266500473022461 0.027431964874267578 0.025487184524536133 0.026612281799316406 0.023526906967163086 0.026157140731811523 0.026127099990844727 0.02336716651916504 0.027550935745239258 0.02654719352722168 0.025277137756347656 0.026553869247436523 0.026373863220214844 0.025249958038330078 0.02528095245361328 0.02580714225769043 0.028452157974243164 0.020326852798461914 0.024912118911743164 0.025049924850463867 0.025795936584472656 0.03667020797729492 0.030767202377319336 0.026851177215576172 0.028933048248291016

nb-svmf
0.0021789073944091797 0.0013968944549560547 0.0014009475708007812 0.0013871192932128906 0.001373291015625 0.001377105712890625 0.0013740062713623047 0.0013659000396728516 0.0014350414276123047 0.0013968944549560547 0.001373291015625 0.0013990402221679688 0.0013871192932128906 0.0014488697052001953 0.0013818740844726562 0.0013709068298339844 0.0015881061553955078 0.0013689994812011719 0.001371145248413086 0.001399993896484375 0.0015637874603271484 0.0021419525146484375 0.0016849040985107422 0.0015277862548828125 0.001489877700805664

nb-svmf-clust
0.09289908409118652 0.030047178268432617 0.03062891960144043 0.030621051788330078 0.03000330924987793 0.030194997787475586 0.030840158462524414 0.031114816665649414 0.040992021560668945 0.03792095184326172 0.030609846115112305 0.030463218688964844 0.03031301498413086 0.031751155853271484 0.03128814697265625 0.03114795684814453 0.03331470489501953 0.03928375244140625 0.03274893760681152 0.03336071968078613 0.033593177795410156 0.036499977111816406 0.03783011436462402 0.03358197212219238 0.03278684616088867

rf-def
0.252180814743042 0.24034905433654785 0.24361658096313477 0.24387216567993164 0.2470400333404541 0.2482471466064453 0.24833321571350098 0.24146199226379395 0.2552299499511719 0.24602603912353516 0.24329400062561035 0.2480449676513672 0.24508309364318848 0.24567890167236328 0.24667787551879883 0.2581980228424072 0.24857592582702637 0.24557900428771973 0.24091792106628418 0.2475581169128418 0.24724197387695312 0.25189924240112305 0.24587392807006836 0.24954700469970703 0.2497859001159668

rf-def-clust
1.686211109161377 1.540431261062622 1.5420329570770264 1.5395400524139404 1.2874279022216797 1.5567691326141357 1.5458509922027588 1.559875726699829 1.561155080795288 1.5413281917572021 1.5712130069732666 1.2818949222564697 1.5520598888397217 1.5524580478668213 1.5435640811920166 1.5888259410858154 1.5908660888671875 1.552588939666748 1.3115780353546143 1.552152156829834 1.557424783706665 1.5742449760437012 1.5363249778747559 1.5497407913208008 1.5512330532073975

rf-cfs
0.2594568729400635 0.2516770362854004 0.24485087394714355 0.2515869140625 0.2504889965057373 0.2554011344909668 0.2542150020599365 0.25064921379089355 0.25003910064697266 0.248931884765625 0.2491929531097412 0.25144171714782715 0.2519092559814453 0.24694609642028809 0.24503183364868164 0.2543678283691406 0.24991607666015625 0.3683350086212158 0.25189995765686035 0.24584293365478516 0.2461092472076416 0.25452423095703125 0.2525601387023926 0.2500278949737549 0.25223612785339355

rf-cfs-clust
1.2970099449157715 1.3016941547393799 1.2980642318725586 1.293959140777588 1.0331871509552002 1.2949562072753906 1.29140305519104 1.2877418994903564 1.2921018600463867 1.0397229194641113 1.298666000366211 1.0295560359954834 1.284261703491211 1.2770259380340576 1.0508239269256592 1.077211856842041 1.303781270980835 1.3235480785369873 1.0454368591308594 1.291877031326294 1.0494792461395264 1.38592529296875 1.3014111518859863 1.3026468753814697 1.2894039154052734

rf-dtf
0.25432300567626953 0.25182390213012695 0.2469470500946045 0.24741411209106445 0.24506902694702148 0.24986815452575684 0.24567294120788574 0.25147390365600586 0.2482759952545166 0.25153589248657227 0.25483202934265137 0.24599814414978027 0.25577878952026367 0.24927997589111328 0.24768304824829102 0.2596409320831299 0.24979591369628906 0.25545215606689453 0.24834895133972168 0.2512037754058838 0.24989080429077148 0.39305710792541504 0.25214219093322754 0.2526369094848633 0.2474968433380127

rf-dtf-clust
1.0592539310455322 1.0343389511108398 1.0175740718841553 1.046893835067749 0.7756130695343018 1.0299921035766602 1.0309019088745117 0.7775130271911621 1.0394818782806396 1.0377378463745117 1.0281908512115479 1.026853084564209 1.0234947204589844 1.0232601165771484 1.025954008102417 0.9526960849761963 1.0534520149230957 0.5624651908874512 1.0266969203948975 1.0330519676208496 0.7837550640106201 1.0560052394866943 1.0252559185028076 1.0319421291351318 1.0326552391052246

rf-svmf
0.25858092308044434 0.24819612503051758 0.2594318389892578 0.2509791851043701 0.24954009056091309 0.25249814987182617 0.2506990432739258 0.2506370544433594 0.25000596046447754 0.24860000610351562 0.252211332321167 0.2559068202972412 0.24628806114196777 0.2539670467376709 0.2536458969116211 0.24942588806152344 0.25155091285705566 0.2552971839904785 0.25316786766052246 0.25272703170776367 0.25318193435668945 0.3840670585632324 0.2514040470123291 0.25138282775878906 0.2516899108886719

rf-svmf-clust
1.3232080936431885 1.2788350582122803 1.2764780521392822 1.2783589363098145 1.2856850624084473 1.299795150756836 1.3032572269439697 1.2951569557189941 1.2819929122924805 1.2802879810333252 1.2940480709075928 1.2902889251708984 1.2971899509429932 1.3008151054382324 1.300171136856079 1.408661127090454 1.2930259704589844 1.3173818588256836 1.2940950393676758 1.3040239810943604 1.3054089546203613 1.5523109436035156 1.277622938156128 1.3006677627563477 1.2926690578460693

svm-def
0.012651920318603516 0.013777971267700195 0.012942075729370117 0.012955188751220703 0.01237797737121582 0.01291799545288086 0.012312650680541992 0.012363910675048828 0.012125968933105469 0.011790990829467773 0.013456106185913086 0.012223005294799805 0.011851787567138672 0.012655019760131836 0.011890172958374023 0.012301921844482422 0.012098073959350586 0.020348072052001953 0.012603044509887695 0.012698173522949219 0.01359415054321289 0.014255046844482422 0.012419939041137695 0.013264894485473633 0.012920856475830078

svm-def-clust
0.04414796829223633 0.04423928260803223 0.044840097427368164 0.04410386085510254 0.05386686325073242 0.04790616035461426 0.041104793548583984 0.04269695281982422 0.041378021240234375 0.042890071868896484 0.04395914077758789 0.039392948150634766 0.04101824760437012 0.048835039138793945 0.04054117202758789 0.0645599365234375 0.046028852462768555 0.06672525405883789 0.04089188575744629 0.042439937591552734 0.0467226505279541 0.07117795944213867 0.04421877861022949 0.046192169189453125 0.04554486274719238

svm-cfs
0.0037131309509277344 0.0035288333892822266 0.0041370391845703125 0.003281831741333008 0.0033941268920898438 0.0032777786254882812 0.003443002700805664 0.003326892852783203 0.003222942352294922 0.003253936767578125 0.003231048583984375 0.0032498836517333984 0.0034198760986328125 0.003644227981567383 0.0031049251556396484 0.005461931228637695 0.003690958023071289 0.0033032894134521484 0.0034699440002441406 0.003367900848388672 0.004054069519042969 0.006189823150634766 0.0035409927368164062 0.0037758350372314453 0.003414630889892578

svm-cfs-clust
0.04390215873718262 0.04255175590515137 0.03789710998535156 0.03561091423034668 0.02917790412902832 0.03471779823303223 0.0339510440826416 0.03478598594665527 0.037477970123291016 0.032073974609375 0.03713202476501465 0.029699087142944336 0.03599810600280762 0.03502702713012695 0.03330111503601074 0.06000709533691406 0.033598899841308594 0.0398249626159668 0.03271818161010742 0.034570932388305664 0.03453373908996582 0.06401729583740234 0.03691911697387695 0.03420901298522949 0.03792619705200195

svm-dtf
0.004029273986816406 0.002933979034423828 0.0027348995208740234 0.002665281295776367 0.0029990673065185547 0.0027098655700683594 0.002835988998413086 0.0032100677490234375 0.0027170181274414062 0.0032401084899902344 0.0027031898498535156 0.002830982208251953 0.00437617301940918 0.0028066635131835938 0.002601146697998047 0.0062220096588134766 0.002694845199584961 0.003880023956298828 0.0027730464935302734 0.0026450157165527344 0.0033740997314453125 0.006704092025756836 0.003690004348754883 0.003274202346801758 0.002932310104370117

svm-dtf-clust
0.0467069149017334 0.026958942413330078 0.02613091468811035 0.02665090560913086 0.024857044219970703 0.026385784149169922 0.02663707733154297 0.02464914321899414 0.02771306037902832 0.027085065841674805 0.025870800018310547 0.026638269424438477 0.025503873825073242 0.025493860244750977 0.025564193725585938 0.043467044830322266 0.026825904846191406 0.022745847702026367 0.025182008743286133 0.024777889251708984 0.026669979095458984 0.040686845779418945 0.0290529727935791 0.025619029998779297 0.02703404426574707

svm-svmf
0.00629115104675293 0.0031461715698242188 0.003236055374145508 0.003072023391723633 0.0029833316802978516 0.0031189918518066406 0.0031027793884277344 0.0031538009643554688 0.003139972686767578 0.003220081329345703 0.003225088119506836 0.00304412841796875 0.0030858516693115234 0.003270864486694336 0.0030930042266845703 0.003701925277709961 0.003030061721801758 0.0031838417053222656 0.003041982650756836 0.0031690597534179688 0.0031061172485351562 0.005349874496459961 0.003732919692993164 0.0032830238342285156 0.0031099319458007812

svm-svmf-clust
0.07296490669250488 0.030287981033325195 0.030742883682250977 0.030146121978759766 0.030083894729614258 0.02988719940185547 0.030580997467041016 0.031762123107910156 0.030737876892089844 0.03707599639892578 0.031311750411987305 0.030652999877929688 0.029895305633544922 0.031282901763916016 0.03166389465332031 0.04808497428894043 0.030192852020263672 0.03659510612487793 0.03301692008972168 0.03257298469543457 0.03219103813171387 0.04679989814758301 0.03616690635681152 0.03252291679382324 0.03284192085266113
