
CART

----- _data-class.csv -----

-- f_score --

0.5806451612903226,0.75,0.5,0.3333333333333333,0.2727272727272727,0.5806451612903226,0.75,0.5,0.3333333333333333,0.2727272727272727,0.5806451612903226,0.75,0.5,0.3333333333333333,0.2727272727272727,0.5806451612903226,0.75,0.5,0.3333333333333333,0.2727272727272727,0.5806451612903226,0.75,0.5,0.3333333333333333,0.2727272727272727

-- kappa --

0.31578947368421045,0.5555555555555556,0.07692307692307702,0.3333333333333333,-0.14285714285714288,0.31578947368421045,0.5555555555555556,0.07692307692307702,0.3333333333333333,-0.14285714285714288,0.31578947368421045,0.5555555555555556,0.07692307692307702,0.3333333333333333,-0.14285714285714288,0.31578947368421045,0.5555555555555556,0.07692307692307702,0.3333333333333333,-0.14285714285714288,0.31578947368421045,0.5555555555555556,0.07692307692307702,0.3333333333333333,-0.14285714285714288

-- pct_dth --

0.47525938830649933,0.282842712474619,0.43672261631224907,0.565685424949238,0.6349827753569383,0.47525938830649933,0.282842712474619,0.43672261631224907,0.565685424949238,0.6349827753569383,0.47525938830649933,0.282842712474619,0.43672261631224907,0.565685424949238,0.6349827753569383,0.47525938830649933,0.282842712474619,0.43672261631224907,0.565685424949238,0.6349827753569383,0.47525938830649933,0.282842712474619,0.43672261631224907,0.565685424949238,0.6349827753569383

-- inform --

0.17112299465240643,0.6000000000000001,0.12941176470588234,0.19999999999999996,-0.26249999999999996,0.17112299465240643,0.6000000000000001,0.12941176470588234,0.19999999999999996,-0.26249999999999996,0.17112299465240643,0.6000000000000001,0.12941176470588234,0.19999999999999996,-0.26249999999999996,0.17112299465240643,0.6000000000000001,0.12941176470588234,0.19999999999999996,-0.26249999999999996,0.17112299465240643,0.6000000000000001,0.12941176470588234,0.19999999999999996,-0.26249999999999996

----- _feature-envy.csv -----

-- f_score --

0.96,0.96,1.0,0.8571428571428571,0.9523809523809523,0.96,0.96,1.0,0.8571428571428571,0.9523809523809523,0.96,0.96,1.0,0.8571428571428571,0.9523809523809523,0.96,0.96,1.0,0.8571428571428571,0.9523809523809523,0.96,0.96,1.0,0.8571428571428571,0.9523809523809523

-- kappa --

0.9166666666666667,0.9411764705882353,1.0,0.8125,0.9000000000000001,0.9166666666666667,0.9411764705882353,1.0,0.8125,0.9000000000000001,0.9166666666666667,0.9411764705882353,1.0,0.8125,0.9000000000000001,0.9166666666666667,0.9411764705882353,1.0,0.8125,0.9000000000000001,0.9166666666666667,0.9411764705882353,1.0,0.8125,0.9000000000000001

-- pct_dth --

0.050507627227610534,0.05439282932204212,0.0,0.13959765578795194,0.06428243465332249,0.050507627227610534,0.05439282932204212,0.0,0.13959765578795194,0.06428243465332249,0.050507627227610534,0.05439282932204212,0.0,0.13959765578795194,0.06428243465332249,0.050507627227610534,0.05439282932204212,0.0,0.13959765578795194,0.06428243465332249,0.050507627227610534,0.05439282932204212,0.0,0.13959765578795194,0.06428243465332249

-- inform --

0.9285714285714286,0.9230769230769231,1.0,0.7412587412587412,0.9090909090909092,0.9285714285714286,0.9230769230769231,1.0,0.7412587412587412,0.9090909090909092,0.9285714285714286,0.9230769230769231,1.0,0.7412587412587412,0.9090909090909092,0.9285714285714286,0.9230769230769231,1.0,0.7412587412587412,0.9090909090909092,0.9285714285714286,0.9230769230769231,1.0,0.7412587412587412,0.9090909090909092

----- _god-class.csv -----

-- f_score --

0.9285714285714286,0.8823529411764706,1.0,1.0,1.0,0.9285714285714286,0.8823529411764706,1.0,1.0,1.0,0.9285714285714286,0.8823529411764706,1.0,1.0,1.0,0.9285714285714286,0.8823529411764706,1.0,1.0,1.0,0.9285714285714286,0.8823529411764706,1.0,1.0,1.0

-- kappa --

0.8181818181818182,0.7647058823529412,1.0,1.0,1.0,0.8181818181818182,0.7647058823529412,1.0,1.0,1.0,0.8181818181818182,0.7647058823529412,1.0,1.0,1.0,0.8181818181818182,0.7647058823529412,1.0,1.0,1.0,0.8181818181818182,0.7647058823529412,1.0,1.0,1.0

-- pct_dth --

0.09428090415820634,0.17677669529663687,0.0,0.0,0.0,0.09428090415820634,0.17677669529663687,0.0,0.0,0.0,0.09428090415820634,0.17677669529663687,0.0,0.0,0.0,0.09428090415820634,0.17677669529663687,0.0,0.0,0.0,0.09428090415820634,0.17677669529663687,0.0,0.0,0.0

-- inform --

0.8666666666666667,0.75,1.0,1.0,1.0,0.8666666666666667,0.75,1.0,1.0,1.0,0.8666666666666667,0.75,1.0,1.0,1.0,0.8666666666666667,0.75,1.0,1.0,1.0,0.8666666666666667,0.75,1.0,1.0,1.0

----- _long-method.csv -----

-- f_score --

0.42857142857142855,0.6666666666666666,0.6666666666666666,0.47058823529411764,0.6666666666666666,0.42857142857142855,0.6666666666666666,0.6666666666666666,0.47058823529411764,0.6666666666666666,0.42857142857142855,0.6666666666666666,0.6666666666666666,0.47058823529411764,0.6666666666666666,0.42857142857142855,0.6666666666666666,0.6666666666666666,0.47058823529411764,0.6666666666666666,0.42857142857142855,0.6666666666666666,0.6666666666666666,0.47058823529411764,0.6666666666666666

-- kappa --

0.11111111111111105,0.46153846153846145,-0.1428571428571427,0.30769230769230776,0.4,0.11111111111111105,0.46153846153846145,-0.1428571428571427,0.30769230769230776,0.4,0.11111111111111105,0.46153846153846145,-0.1428571428571427,0.30769230769230776,0.4,0.11111111111111105,0.46153846153846145,-0.1428571428571427,0.30769230769230776,0.4,0.11111111111111105,0.46153846153846145,-0.1428571428571427,0.30769230769230776,0.4

-- pct_dth --

0.4979543953834093,0.30387049561697965,0.3887714671980909,0.4490637658070732,0.2946278254943948,0.4979543953834093,0.30387049561697965,0.3887714671980909,0.4490637658070732,0.2946278254943948,0.4979543953834093,0.30387049561697965,0.3887714671980909,0.4490637658070732,0.2946278254943948,0.4979543953834093,0.30387049561697965,0.3887714671980909,0.4490637658070732,0.2946278254943948,0.4979543953834093,0.30387049561697965,0.3887714671980909,0.4490637658070732,0.2946278254943948

-- inform --

0.22307692307692317,0.39230769230769225,0.3504273504273505,0.1367521367521367,0.4166666666666665,0.22307692307692317,0.39230769230769225,0.3504273504273505,0.1367521367521367,0.4166666666666665,0.22307692307692317,0.39230769230769225,0.3504273504273505,0.1367521367521367,0.4166666666666665,0.22307692307692317,0.39230769230769225,0.3504273504273505,0.1367521367521367,0.4166666666666665,0.22307692307692317,0.39230769230769225,0.3504273504273505,0.1367521367521367,0.4166666666666665
