
NB

----- _data-class.csv -----

-- f_score --

0.6111111111111112,0.8,0.48,0.6,0.2608695652173913,0.6111111111111112,0.8,0.48,0.6,0.2608695652173913,0.6111111111111112,0.8,0.48,0.6,0.2608695652173913,0.6111111111111112,0.8,0.48,0.6,0.2608695652173913,0.6111111111111112,0.8,0.48,0.6,0.2608695652173913

-- kappa --

0.26315789473684204,0.44444444444444436,0.0,0.3333333333333333,-0.21428571428571436,0.26315789473684204,0.44444444444444436,0.0,0.3333333333333333,-0.21428571428571436,0.26315789473684204,0.44444444444444436,0.0,0.3333333333333333,-0.21428571428571436,0.26315789473684204,0.44444444444444436,0.0,0.3333333333333333,-0.21428571428571436,0.26315789473684204,0.44444444444444436,0.0,0.3333333333333333,-0.21428571428571436

-- pct_dth --

0.582323231565392,0.20797258270192573,0.4691890965319828,0.3335416016031584,0.6635604719993499,0.582323231565392,0.20797258270192573,0.4691890965319828,0.3335416016031584,0.6635604719993499,0.582323231565392,0.20797258270192573,0.4691890965319828,0.3335416016031584,0.6635604719993499,0.582323231565392,0.20797258270192573,0.4691890965319828,0.3335416016031584,0.6635604719993499,0.582323231565392,0.20797258270192573,0.4691890965319828,0.3335416016031584,0.6635604719993499

-- inform --

0.17647058823529416,0.7058823529411766,0.07058823529411762,0.3500000000000001,-0.32499999999999996,0.17647058823529416,0.7058823529411766,0.07058823529411762,0.3500000000000001,-0.32499999999999996,0.17647058823529416,0.7058823529411766,0.07058823529411762,0.3500000000000001,-0.32499999999999996,0.17647058823529416,0.7058823529411766,0.07058823529411762,0.3500000000000001,-0.32499999999999996,0.17647058823529416,0.7058823529411766,0.07058823529411762,0.3500000000000001,-0.32499999999999996

----- _feature-envy.csv -----

-- f_score --

0.8,0.88,0.7777777777777778,0.7619047619047619,0.8148148148148148,0.8,0.88,0.7777777777777778,0.7619047619047619,0.8148148148148148,0.8,0.88,0.7777777777777778,0.7619047619047619,0.8148148148148148,0.8,0.88,0.7777777777777778,0.7619047619047619,0.8148148148148148,0.8,0.88,0.7777777777777778,0.7619047619047619,0.8148148148148148

-- kappa --

0.6666666666666666,0.8235294117647061,0.7142857142857144,0.6874999999999999,0.4999999999999999,0.6666666666666666,0.8235294117647061,0.7142857142857144,0.6874999999999999,0.4999999999999999,0.6666666666666666,0.8235294117647061,0.7142857142857144,0.6874999999999999,0.4999999999999999,0.6666666666666666,0.8235294117647061,0.7142857142857144,0.6874999999999999,0.4999999999999999,0.6666666666666666,0.8235294117647061,0.7142857142857144,0.6874999999999999,0.4999999999999999

-- pct_dth --

0.2357022603955158,0.1237196093949922,0.25712973861328997,0.22141454823758827,0.27196414661021057,0.2357022603955158,0.1237196093949922,0.25712973861328997,0.22141454823758827,0.27196414661021057,0.2357022603955158,0.1237196093949922,0.25712973861328997,0.22141454823758827,0.27196414661021057,0.2357022603955158,0.1237196093949922,0.25712973861328997,0.22141454823758827,0.27196414661021057,0.2357022603955158,0.1237196093949922,0.25712973861328997,0.22141454823758827,0.27196414661021057

-- inform --

0.6666666666666665,0.7628205128205128,0.6363636363636362,0.5734265734265733,0.6153846153846154,0.6666666666666665,0.7628205128205128,0.6363636363636362,0.5734265734265733,0.6153846153846154,0.6666666666666665,0.7628205128205128,0.6363636363636362,0.5734265734265733,0.6153846153846154,0.6666666666666665,0.7628205128205128,0.6363636363636362,0.5734265734265733,0.6153846153846154,0.6666666666666665,0.7628205128205128,0.6363636363636362,0.5734265734265733,0.6153846153846154

----- _god-class.csv -----

-- f_score --

0.9333333333333333,0.967741935483871,1.0,0.9375,1.0,0.9333333333333333,0.967741935483871,1.0,0.9375,1.0,0.9333333333333333,0.967741935483871,1.0,0.9375,1.0,0.9333333333333333,0.967741935483871,1.0,0.9375,1.0,0.9333333333333333,0.967741935483871,1.0,0.9375,1.0

-- kappa --

0.8181818181818182,0.9411764705882354,1.0,0.8823529411764706,1.0,0.8181818181818182,0.9411764705882354,1.0,0.8823529411764706,1.0,0.8181818181818182,0.9411764705882354,1.0,0.8823529411764706,1.0,0.8181818181818182,0.9411764705882354,1.0,0.8823529411764706,1.0,0.8181818181818182,0.9411764705882354,1.0,0.8823529411764706,1.0

-- pct_dth --

0.06286752761522116,0.044194173824159216,0.0,0.08838834764831843,0.0,0.06286752761522116,0.044194173824159216,0.0,0.08838834764831843,0.0,0.06286752761522116,0.044194173824159216,0.0,0.08838834764831843,0.0,0.06286752761522116,0.044194173824159216,0.0,0.08838834764831843,0.0,0.06286752761522116,0.044194173824159216,0.0,0.08838834764831843,0.0

-- inform --

0.8745098039215686,0.9375,1.0,0.875,1.0,0.8745098039215686,0.9375,1.0,0.875,1.0,0.8745098039215686,0.9375,1.0,0.875,1.0,0.8745098039215686,0.9375,1.0,0.875,1.0,0.8745098039215686,0.9375,1.0,0.875,1.0

----- _long-method.csv -----

-- f_score --

0.3076923076923077,0.7619047619047619,0.631578947368421,0.18181818181818182,0.5714285714285714,0.3076923076923077,0.7619047619047619,0.631578947368421,0.18181818181818182,0.5714285714285714,0.3076923076923077,0.7619047619047619,0.631578947368421,0.18181818181818182,0.5714285714285714,0.3076923076923077,0.7619047619047619,0.631578947368421,0.18181818181818182,0.5714285714285714,0.3076923076923077,0.7619047619047619,0.631578947368421,0.18181818181818182,0.5714285714285714

-- kappa --

0.0,0.6153846153846154,0.0,0.30769230769230776,0.4,0.0,0.6153846153846154,0.0,0.30769230769230776,0.4,0.0,0.6153846153846154,0.0,0.30769230769230776,0.4,0.0,0.6153846153846154,0.0,0.30769230769230776,0.4,0.0,0.6153846153846154,0.0,0.30769230769230776,0.4

-- pct_dth --

0.5682944482235041,0.21593336688643383,0.3207691282870975,0.6308885070095337,0.39723193461319695,0.5682944482235041,0.21593336688643383,0.3207691282870975,0.6308885070095337,0.39723193461319695,0.5682944482235041,0.21593336688643383,0.3207691282870975,0.6308885070095337,0.39723193461319695,0.5682944482235041,0.21593336688643383,0.3207691282870975,0.6308885070095337,0.39723193461319695,0.5682944482235041,0.21593336688643383,0.3207691282870975,0.6308885070095337,0.39723193461319695

-- inform --

0.12307692307692308,0.5692307692307694,0.35897435897435903,0.03418803418803429,0.36111111111111116,0.12307692307692308,0.5692307692307694,0.35897435897435903,0.03418803418803429,0.36111111111111116,0.12307692307692308,0.5692307692307694,0.35897435897435903,0.03418803418803429,0.36111111111111116,0.12307692307692308,0.5692307692307694,0.35897435897435903,0.03418803418803429,0.36111111111111116,0.12307692307692308,0.5692307692307694,0.35897435897435903,0.03418803418803429,0.36111111111111116
