
ZeroR

----- _data-class.csv -----

-- f_score --

0.0,0.0,0.0,0.0,0.0,0.0,0.0,0.0,0.0,0.0,0.0,0.0,0.0,0.0,0.0,0.0,0.0,0.0,0.0,0.0,0.0,0.0,0.0,0.0,0.0

-- kappa --

0.42105263157894723,-0.11111111111111092,0.23076923076923087,0.1666666666666668,0.28571428571428575,0.42105263157894723,-0.11111111111111092,0.23076923076923087,0.1666666666666668,0.28571428571428575,0.42105263157894723,-0.11111111111111092,0.23076923076923087,0.1666666666666668,0.28571428571428575,0.42105263157894723,-0.11111111111111092,0.23076923076923087,0.1666666666666668,0.28571428571428575,0.42105263157894723,-0.11111111111111092,0.23076923076923087,0.1666666666666668,0.28571428571428575

-- pct_dth --

0.7071067811865475,0.7071067811865475,0.7071067811865475,0.7071067811865475,0.7071067811865475,0.7071067811865475,0.7071067811865475,0.7071067811865475,0.7071067811865475,0.7071067811865475,0.7071067811865475,0.7071067811865475,0.7071067811865475,0.7071067811865475,0.7071067811865475,0.7071067811865475,0.7071067811865475,0.7071067811865475,0.7071067811865475,0.7071067811865475,0.7071067811865475,0.7071067811865475,0.7071067811865475,0.7071067811865475,0.7071067811865475

-- inform --

0.0,0.0,0.0,0.0,0.0,0.0,0.0,0.0,0.0,0.0,0.0,0.0,0.0,0.0,0.0,0.0,0.0,0.0,0.0,0.0,0.0,0.0,0.0,0.0,0.0

----- _feature-envy.csv -----

-- f_score --

0.0,0.0,0.0,0.0,0.0,0.0,0.0,0.0,0.0,0.0,0.0,0.0,0.0,0.0,0.0,0.0,0.0,0.0,0.0,0.0,0.0,0.0,0.0,0.0,0.0

-- kappa --

0.0,0.2941176470588236,0.21428571428571422,0.31249999999999994,-0.10000000000000019,0.0,0.2941176470588236,0.21428571428571422,0.31249999999999994,-0.10000000000000019,0.0,0.2941176470588236,0.21428571428571422,0.31249999999999994,-0.10000000000000019,0.0,0.2941176470588236,0.21428571428571422,0.31249999999999994,-0.10000000000000019,0.0,0.2941176470588236,0.21428571428571422,0.31249999999999994,-0.10000000000000019

-- pct_dth --

0.7071067811865475,0.7071067811865475,0.7071067811865475,0.7071067811865475,0.7071067811865475,0.7071067811865475,0.7071067811865475,0.7071067811865475,0.7071067811865475,0.7071067811865475,0.7071067811865475,0.7071067811865475,0.7071067811865475,0.7071067811865475,0.7071067811865475,0.7071067811865475,0.7071067811865475,0.7071067811865475,0.7071067811865475,0.7071067811865475,0.7071067811865475,0.7071067811865475,0.7071067811865475,0.7071067811865475,0.7071067811865475

-- inform --

0.0,0.0,0.0,0.0,0.0,0.0,0.0,0.0,0.0,0.0,0.0,0.0,0.0,0.0,0.0,0.0,0.0,0.0,0.0,0.0,0.0,0.0,0.0,0.0,0.0

----- _god-class.csv -----

-- f_score --

0.0,0.0,0.0,0.0,0.0,0.0,0.0,0.0,0.0,0.0,0.0,0.0,0.0,0.0,0.0,0.0,0.0,0.0,0.0,0.0,0.0,0.0,0.0,0.0,0.0

-- kappa --

-0.36363636363636365,0.11764705882352942,0.0,0.11764705882352942,0.17647058823529407,-0.36363636363636365,0.11764705882352942,0.0,0.11764705882352942,0.17647058823529407,-0.36363636363636365,0.11764705882352942,0.0,0.11764705882352942,0.17647058823529407,-0.36363636363636365,0.11764705882352942,0.0,0.11764705882352942,0.17647058823529407,-0.36363636363636365,0.11764705882352942,0.0,0.11764705882352942,0.17647058823529407

-- pct_dth --

0.7071067811865475,0.7071067811865475,0.7071067811865475,0.7071067811865475,0.7071067811865475,0.7071067811865475,0.7071067811865475,0.7071067811865475,0.7071067811865475,0.7071067811865475,0.7071067811865475,0.7071067811865475,0.7071067811865475,0.7071067811865475,0.7071067811865475,0.7071067811865475,0.7071067811865475,0.7071067811865475,0.7071067811865475,0.7071067811865475,0.7071067811865475,0.7071067811865475,0.7071067811865475,0.7071067811865475,0.7071067811865475

-- inform --

0.0,0.0,0.0,0.0,0.0,0.0,0.0,0.0,0.0,0.0,0.0,0.0,0.0,0.0,0.0,0.0,0.0,0.0,0.0,0.0,0.0,0.0,0.0,0.0,0.0

----- _long-method.csv -----

-- f_score --

0.0,0.0,0.0,0.0,0.0,0.0,0.0,0.0,0.0,0.0,0.0,0.0,0.0,0.0,0.0,0.0,0.0,0.0,0.0,0.0,0.0,0.0,0.0,0.0,0.0

-- kappa --

-0.11111111111111133,0.2307692307692307,-0.2857142857142854,0.30769230769230776,0.09999999999999988,-0.11111111111111133,0.2307692307692307,-0.2857142857142854,0.30769230769230776,0.09999999999999988,-0.11111111111111133,0.2307692307692307,-0.2857142857142854,0.30769230769230776,0.09999999999999988,-0.11111111111111133,0.2307692307692307,-0.2857142857142854,0.30769230769230776,0.09999999999999988,-0.11111111111111133,0.2307692307692307,-0.2857142857142854,0.30769230769230776,0.09999999999999988

-- pct_dth --

0.7071067811865475,0.7071067811865475,0.7071067811865475,0.7071067811865475,0.7071067811865475,0.7071067811865475,0.7071067811865475,0.7071067811865475,0.7071067811865475,0.7071067811865475,0.7071067811865475,0.7071067811865475,0.7071067811865475,0.7071067811865475,0.7071067811865475,0.7071067811865475,0.7071067811865475,0.7071067811865475,0.7071067811865475,0.7071067811865475,0.7071067811865475,0.7071067811865475,0.7071067811865475,0.7071067811865475,0.7071067811865475

-- inform --

0.0,0.0,0.0,0.0,0.0,0.0,0.0,0.0,0.0,0.0,0.0,0.0,0.0,0.0,0.0,0.0,0.0,0.0,0.0,0.0,0.0,0.0,0.0,0.0,0.0
